# <к-во вершин> <к-во граней>
16 13
# Координаты вершин
-0.5 -2.0  0.0
-0.5  0.5  0.0
 0.5  0.5  0.0
 0.5 -2.0  0.0
-0.5 -2.0  1.0
-0.5  0.0  1.0
-0.5  0.5  1.0
 0.5  0.5  1.0
 0.5  0.0  1.0
 0.5 -2.0  1.0
 0.0 -2.0  1.5
 0.0  0.0  1.5
-0.5  0.5  0.5
-0.5  1.0  0.5
 0.5  1.0  0.5
 0.5  0.5  0.5
# Грани: <к-во вершин> <индексы...>
4 1 0 3 2
4 9 7 2 3
4 6 4 0 1
5 10 9 3 0 4
4 15 12 1 2
4 5 6 7 8
3 11 5 8
4 10 11 8 9
4 11 10 4 5
3 7 14 15
3 6 12 13
4 14 13 12 15
4 7 6 13 14
# Нормали
 0  0 -1
 1  0  0
-1  0  0
 0 -1  0
 0  1  0
 0  0  1
 0  1  0
 0.707 0 0.707
-0.707 0 0.707
 1  0  0
-1  0  0
 0  0 -1
 0  0.707 0.707
# Текстурные координаты
0 0 0 0 0 0 0 0
0 0 0 0 0 0 0 0
0 0 0 0 0 0 0 0
0 0 0 0 0 0 0 0 0 0
0 0 0 0 0 0 0 0
0 0 0 0 0 0 0 0
0 0 0 0 0 0
0 0 0 0 0 0 0 0
0 0 0 0 0 0 0 0
0 0 0 0 0 0
0 0 0 0 0 0
0 0 0 0 0 0 0 0
0 0 0 0 0 0 0 0
